730 305 883 305 883 432 730 432 Fire 0
351 328 680 328 680 450 351 450 Fire 0
573 57 687 57 687 184.99999999999997 573 184.99999999999997 Fire 0
385 24 503 24 503 170 385 170 Fire 0
295 218.99999999999997 350 218.99999999999997 350 270 295 270 Fire 0
178 205 260 205 260 264 178 264 Fire 0
151 145 223 145 223 190 151 190 Fire 0
141 274 165 274 165 289 141 289 Fire 0
233 419.00000000000006 269 419.00000000000006 269 440.00000000000006 233 440.00000000000006 Fire 0
162 431 195 431 195 458 162 458 Fire 0
3 149 110 149 110 249 3 249 Fire 0