240 291 333 291 333 332 240 332 Fire 0
597 368 655 368 655 413 597 413 Fire 0
468 364 525 364 525 381 468 381 Fire 0
402 342 423 342 423 355 402 355 Fire 0
344 327 366 327 366 342 344 342 Fire 0
316 249 327 249 327 263 316 263 Fire 0
339 245 358 245 358 266 339 266 Fire 0
395 243 427 243 427 259 395 259 Fire 0
444 244 546 244 546 277 444 277 Fire 0
559 256 580 256 580 267 559 267 Fire 0
914 417 936 417 936 435 914 435 Fire 0
993 383 1023 383 1023 401 993 401 Fire 0
680 397 870 397 870 486 680 486 Fire 0
864 355 874 355 874 364 864 364 Fire 0