354 802 416 802 416 869 354 869 Fire 0
461 852 559 852 559 911 461 911 Fire 0
678 788 762 788 762 845 678 845 Fire 0
704 846 898 846 898 898 704 898 Fire 0
742 741 756 741 756 753 742 753 Fire 0
1297 625 1327 625 1327 640 1297 640 Fire 0
985.0000000000001 911 1101 911 1101 924 985.0000000000001 924 Fire 0
1156 914 1177 914 1177 924 1156 924 Fire 0
1195 911 1291 911 1291 924 1195 924 Fire 0
1306 923 1329 923 1329 937 1306 937 Fire 0
1344 925 1391 925 1391 942 1344 942 Fire 0
1403 926 1431 926 1431 938 1403 938 Fire 0
1603 917 1725 917 1725 937 1603 937 Fire 0
1496 915 1522 915 1522 926 1496 926 Fire 0
932 777 977.0000000000001 777 977.0000000000001 809 932 809 Fire 0
1201 762 1246 762 1246 787 1201 787 Fire 0
1146 794 1216 794 1216 818 1146 818 Fire 0
790 699 1066 699 1066 775 790 775 Fire 0
1115 647 1338 647 1338 779 1115 779 Fire 0