10 345 307 345 307 538 10 538 Fire 0
629 376 740 376 740 498 629 498 Fire 0
224.00000000000003 322 453 322 453 361.99999999999994 224.00000000000003 361.99999999999994 Fire 0
523 247 772 247 772 270 523 270 Fire 0
470.00000000000006 343 505 343 505 387 470.00000000000006 387 Fire 0
522 417 537 417 537 445 522 445 Fire 0
3 254 24 254 24 269 3 269 Fire 0
187 253 212 253 212 264 187 264 Fire 0
807 263 848 263 848 271 807 271 Fire 0
204 274 233.99999999999997 274 233.99999999999997 284 204 284 Fire 0
204 284 257 284 257 302 204 302 Fire 0
285 282 320 282 320 294 285 294 Fire 0
298 306 323 306 323 321 298 321 Fire 0
344 310 382 310 382 325 344 325 Fire 0
182 304 197 304 197 320 182 320 Fire 0
492 467 557 467 557 541 492 541 Fire 0