431 893 501 893 501 919 431 919 Fire 0
524 867 599 867 599 912 524 912 Fire 0
696 784 919 784 919 896 696 896 Fire 0
760 732 784 732 784 750 760 750 Fire 0
794 697 1072 697 1072 795 794 795 Fire 0
1137 741 1264 741 1264 835 1137 835 Fire 0
1268 806 1294 806 1294 833 1268 833 Fire 0
1358 761 1410 761 1410 799 1358 799 Fire 0
1187 644 1218 644 1218 665 1187 665 Fire 0
1004 916 1089 916 1089 928 1004 928 Fire 0
1115 917 1143 917 1143 928 1115 928 Fire 0
1185 915 1216 915 1216 927 1185 927 Fire 0
1270 911 1377 911 1377 924 1270 924 Fire 0
1329 924 1453 924 1453 940 1329 940 Fire 0
1623 923 1728 923 1728 937 1623 937 Fire 0
1687 869 1712 869 1712 882.9999999999999 1687 882.9999999999999 Fire 0
1511 911 1535 911 1535 925 1511 925 Fire 0