397 305 550 305 550 432 397 432 Fire 0
600 328 929 328 929 450 600 450 Fire 0
593 57 707 57 707 184.99999999999997 593 184.99999999999997 Fire 0
777 24 895 24 895 170 777 170 Fire 0
930 218.99999999999997 985 218.99999999999997 985 270 930 270 Fire 0
1020 205 1102 205 1102 264 1020 264 Fire 0
1057 145 1129 145 1129 190 1057 190 Fire 0
1115 274 1139 274 1139 289 1115 289 Fire 0
1011 419.00000000000006 1047 419.00000000000006 1047 440.00000000000006 1011 440.00000000000006 Fire 0
1085 431 1118 431 1118 458 1085 458 Fire 0
1170 149 1277 149 1277 249 1170 249 Fire 0