213 342 677.0000000000001 342 677.0000000000001 365 213 365 Fire 0
579 391.99999999999994 610 391.99999999999994 610 411 579 411 Fire 0
709 381 976 381 976 410 709 410 Fire 0
880 412.99999999999994 906 412.99999999999994 906 433.00000000000006 880 433.00000000000006 Fire 0
802 361 844 361 844 372 802 372 Fire 0
5 426.99999999999994 46 426.99999999999994 46 442 5 442 Fire 0
93 410 103 410 103 425 93 425 Fire 0
71 330 136 330 136 386 71 386 Fire 0
154 372 243 372 243 393 154 393 Fire 0
151 401 194.00000000000003 401 194.00000000000003 412.99999999999994 151 412.99999999999994 Fire 0
131 407 143 407 143 419.00000000000006 131 419.00000000000006 Fire 0