984 689 1049 689 1049 720 984 720 Fire 0
760 465 902 465 902 518 760 518 Fire 0
927 487 944 487 944 511 927 511 Fire 0
968 497 1031 497 1031 537 968 537 Fire 0
1071 502 1094 502 1094 538 1071 538 Fire 0
1110 507.00000000000006 1173 507.00000000000006 1173 534 1110 534 Fire 0
432 397 461 397 461 419.00000000000006 432 419.00000000000006 Fire 0
464 422 502 422 502 445 464 445 Fire 0
508 432 535 432 535 445 508 445 Fire 0
381 391.99999999999994 416 391.99999999999994 416 412 381 412 Fire 0
312 359 327 359 327 374.00000000000006 312 374.00000000000006 Fire 0