446 902 491.99999999999994 902 491.99999999999994 917 446 917 Fire 0
531 892 565 892 565 907 531 907 Fire 0
704 860 723 860 723 877 704 877 Fire 0
722 831 767 831 767 859 722 859 Fire 0
772 823 913 823 913 879 772 879 Fire 0
768 786 816 786 816 820 768 820 Fire 0
1008 733 1032 733 1032 761 1008 761 Fire 0
1128 765 1179 765 1179 835 1128 835 Fire 0
1183 749 1253 749 1253 781 1183 781 Fire 0
1366 758 1407 758 1407 791 1366 791 Fire 0
1617 924 1682 924 1682 938 1617 938 Fire 0
1696 928 1738 928 1738 939 1696 939 Fire 0
811 692 1009.9999999999999 692 1009.9999999999999 807 811 807 Fire 0
1273 813 1288 813 1288 829 1273 829 Fire 0
1406 929 1423 929 1423 942 1406 942 Fire 0
569 875 587 875 587 890 569 890 Fire 0