526 217.99999999999997 588 217.99999999999997 588 269 526 269 Fire 0
646 537 669 537 669 605 646 605 Fire 0
653 620 670 620 670 668 653 668 Fire 0
668 675 695 675 695 718 668 718 Fire 0
608 229 628 229 628 243.00000000000003 608 243.00000000000003 Fire 0
689 48 714 48 714 71 689 71 Fire 0
614 164 686 164 686 205 614 205 Fire 0
703 123 798 123 798 169 703 169 Fire 0
895 108.99999999999999 1050 108.99999999999999 1050 174 895 174 Fire 0
822 122 858 122 858 149 822 149 Fire 0
556 301 668 301 668 519 556 519 Fire 0