243 442 538 442 538 471 243 471 Fire 0
274 506 585 506 585 527 274 527 Fire 0
313 531 580 531 580 547 313 547 Fire 0
371 552 669 552 669 581 371 581 Fire 0
699 531 765 531 765 595 699 595 Fire 0
619 395 738 395 738 432 619 432 Fire 0
577 607 762 607 762 692 577 692 Fire 0
312 669 428 669 428 696 312 696 Fire 0
360 699 504 699 504 803 360 803 Fire 0
520 694 550 694 550 716 520 716 Fire 0
356 821 381 821 381 847 356 847 Fire 0
404 830 464 830 464 872 404 872 Fire 0
277 588 309 588 309 650 277 650 Fire 0
192 470 214 470 214 490 192 490 Fire 0
199 377 265 377 265 396 199 396 Fire 0
274 236 325 236 325 256 274 256 Fire 0
209 263 254 263 254 308 209 308 Fire 0
442 422 564 422 564 443 442 443 Fire 0