8 384 45 384 45 406 8 406 Fire 0
361 393 389 393 389 421 361 421 Fire 0
328 388 343 388 343 401 328 401 Fire 0
436 436 452.99999999999994 436 452.99999999999994 451 436 451 Fire 0
573 406 594 406 594 429 573 429 Fire 0
682 404 704 404 704 420 682 420 Fire 0
635 404.99999999999994 644 404.99999999999994 644 415 635 415 Fire 0
668 396 680 396 680 410 668 410 Fire 0
379 445 397 445 397 454.99999999999994 379 454.99999999999994 Fire 0
551 424 570 424 570 433 551 433 Fire 0
532 427.00000000000006 553 427.00000000000006 553 441 532 441 Fire 0