419 394.00000000000006 469 394.00000000000006 469 435.99999999999994 419 435.99999999999994 Fire 0
475 398 508 398 508 411 475 411 Fire 0
491 413 572 413 572 470 491 470 Fire 0
528 401 546 401 546 413 528 413 Fire 0
564 402 631 402 631 423 564 423 Fire 0
578 442 605 442 605 456 578 456 Fire 0
686 411 782 411 782 452 686 452 Fire 0
536 469 575 469 575 515 536 515 Fire 0
802 428 826 428 826 444 802 444 Fire 0
852 414.99999999999994 886 414.99999999999994 886 433 852 433 Fire 0
1024 382 1048 382 1048 399 1024 399 Fire 0