93 503 307 503 307 530 93 530 Fire 0
116 566 134 566 134 581 116 581 Fire 0
222 541 253 541 253 557 222 557 Fire 0
420 532 487 532 487 565 420 565 Fire 0
590 551 639 551 639 575 590 575 Fire 0
651 539 709 539 709 571 651 571 Fire 0
731 540 760 540 760 562 731 562 Fire 0
776 534 804 534 804 555 776 555 Fire 0
836 527 859 527 859 543 836 543 Fire 0
687 507 732 507 732 524 687 524 Fire 0
508 524 567 524 567 545 508 545 Fire 0
133 429 164 429 164 440 133 440 Fire 0
415 518 432 518 432 527 415 527 Fire 0